# pxname,svname,qcur,qmax,scur,smax,slim,stot,bin,bout,dreq,dresp,ereq,econ,eresp,wretr,wredis,status,weight,act,bck,chkfail,chkdown,lastchg,downtime,qlimit,pid,iid,sid,throttle,lbtot,tracked,type,rate,rate_lim,rate_max,check_status,check_code,check_duration,hrsp_1xx,hrsp_2xx,hrsp_3xx,hrsp_4xx,hrsp_5xx,hrsp_other,hanafail,req_rate,req_rate_max,req_tot,cli_abrt,srv_abrt,comp_in,comp_out,comp_byp,comp_rsp,
http-in,FRONTEND,,,2157,5000,5000,5230873,13856541059,157985978199,0,0,709724,,,,,OPEN,,,,,,,,,1,2,0,,,,0,35,0,441,,,,0,13143655,601880,882658,4224,9877,,66,846,14642299,,,0,0,0,0,
https-in,FRONTEND,,,0,6,5000,1137,510408,1607499,0,0,320,,,,,OPEN,,,,,,,,,1,3,0,,,,0,1,0,18,,,,0,7,804,321,1,4,,1,18,1137,,,0,0,0,0,
healthkart,vmn-265-P,0,0,0,96,,1503047,2076337494,21166611243,,0,,0,177,0,0,UP,1,1,0,5,0,323191,0,,1,4,1,,272057,,2,3,,36,L7OK,200,2,16,1392631,76806,33204,219,0,0,,,,927,7,,,,,
healthkart,vmn-400-Q,0,0,0,79,,1578653,2173098937,22550089178,,0,,0,141,0,0,UP,1,1,0,3,1,152418,33,,1,4,2,,271985,,2,4,,39,L7OK,200,3,10,1451998,92905,33282,317,0,0,,,,866,3,,,,,
healthkart,vmn-396-R,0,0,0,82,,1481886,2060013352,21101935906,,0,,0,133,0,0,UP,1,1,0,3,1,152400,24,,1,4,3,,271994,,2,4,,44,L7OK,200,2,18,1374093,76903,30385,369,0,0,,,,818,1,,,,,
healthkart,vmn-339-S,0,0,2,68,,1507636,2112934894,21181475368,,0,,0,146,0,0,UP,1,1,0,4,1,152371,27,,1,4,4,,272001,,2,7,,44,L7OK,200,4,28,1399730,78309,29109,334,0,0,,,,850,1,,,,,
healthkart,spkd-0215-T,0,0,0,0,,0,0,0,,0,,0,0,0,0,UP,0,1,0,4,0,323191,0,,1,4,5,,0,,2,0,,0,L7OK,200,1,0,0,0,0,0,0,0,,,,0,0,,,,,
healthkart,BACKEND,0,0,2,269,1000,6071224,8422384677,86000111695,0,0,,0,597,0,0,UP,4,4,0,,0,323191,0,,1,4,0,,1088037,,1,20,,78,,,,0,5618451,324923,125980,1837,31,,,,,3461,12,0,0,0,0,
healthkart_resources,server-214,0,0,0,47,,397485,261425690,6033093329,,0,,0,954,0,0,no check,1,1,0,,,,,,1,5,1,,397485,,2,3,,106,,,,0,381313,14294,841,65,0,0,,,,1600,3,,,,,
healthkart_resources,BACKEND,0,0,0,48,500,397485,261425690,6033093329,0,0,,0,954,0,0,UP,1,1,0,,0,323191,0,,1,5,0,,397485,,1,3,,106,,,,0,381313,14294,841,1019,18,,,,,1600,3,0,0,0,0,
healthkart_pma,server-50,0,0,0,2,,147,685682,9764826,,0,,0,0,0,0,UP,1,1,0,0,0,323191,0,,1,6,1,,3,,2,0,,9,L4OK,,0,0,126,20,0,1,0,0,,,,3,0,,,,,
healthkart_pma,BACKEND,0,0,0,3,1000,147,685682,9764826,0,0,,0,0,0,0,UP,1,1,0,,0,323191,0,,1,6,0,,3,,1,0,,9,,,,0,126,20,0,1,0,,,,,3,0,0,0,0,0,
healthkart_stat_im,vmn-265-P,0,0,0,10,,1830267,1278005821,15573839691,,0,,0,0,0,0,no check,1,1,0,,,,,,1,7,1,,1830267,,2,6,,72,,,,0,1750467,65787,14004,0,0,0,,,,1068,1,,,,,
healthkart_stat_im,vmn-400-Q,0,0,1,14,,1830267,1277766673,15518007533,,0,,0,0,0,0,no check,1,1,0,,,,,,1,7,2,,1830267,,2,6,,72,,,,0,1750619,65594,14050,0,0,0,,,,1082,0,,,,,
healthkart_stat_im,vmn-396-R,0,0,0,11,,1830267,1277765545,15548823752,,0,,0,0,0,0,no check,1,1,0,,,,,,1,7,3,,1830267,,2,7,,72,,,,0,1750818,65455,13991,0,0,0,,,,1037,0,,,,,
healthkart_stat_im,vmn-339-S,0,0,1,11,,1830267,1277931473,15558214785,,0,,0,0,0,0,no check,1,1,0,,,,,,1,7,4,,1830267,,2,7,,72,,,,0,1750523,65747,13987,0,0,0,,,,1069,0,,,,,
healthkart_stat_im,BACKEND,0,0,2,38,500,7321068,5111469512,62198885761,0,0,,0,0,0,0,UP,4,4,0,,0,323191,0,,1,7,0,,7321068,,1,28,,288,,,,0,7002425,262583,56032,0,26,,,,,4256,1,0,0,0,0,
healthkart_s40,prod-s40,0,0,0,1054,,104733,49004146,3260955427,,0,,0,0,0,0,no check,1,1,0,,,,,,1,8,1,,39679,,2,0,,705,,,,0,103499,1,65,1168,0,0,,,,0,0,,,,,
healthkart_s40,BACKEND,0,0,0,1054,500,104733,49004146,3260955427,0,0,,0,0,0,0,UP,1,1,0,,0,323191,0,,1,8,0,,39679,,1,0,,705,,,,0,103499,1,65,1168,0,,,,,0,0,0,0,0,0,
healthkart_s154,prod-s154,0,0,0,1,,5,11743,156294,,0,,0,0,0,0,no check,1,1,0,,,,,,1,9,1,,1,,2,0,,2,,,,0,5,0,0,0,0,0,,,,0,0,,,,,
healthkart_s154,BACKEND,0,0,0,1,500,5,11743,156294,0,0,,0,0,0,0,UP,1,1,0,,0,323191,0,,1,9,0,,1,,1,0,,2,,,,0,5,0,0,0,0,,,,,0,0,0,0,0,0,
healthkart_s74,prod-s74,0,0,0,0,,0,0,0,,0,,0,0,0,0,no check,1,1,0,,,,,,1,10,1,,0,,2,0,,0,,,,0,0,0,0,0,0,0,,,,0,0,,,,,
healthkart_s74,BACKEND,0,0,0,0,500,0,0,0,0,0,,0,0,0,0,UP,1,1,0,,0,323191,0,,1,10,0,,0,,1,0,,0,,,,0,0,0,0,0,0,,,,,0,0,0,0,0,0,
healthkart_s78,prod-s78,0,0,0,1,,1,2327,31220,,0,,0,0,0,0,no check,1,1,0,,,,,,1,11,1,,1,,2,0,,1,,,,0,1,0,0,0,0,0,,,,0,0,,,,,
healthkart_s78,BACKEND,0,0,0,1,500,1,2327,31220,0,0,,0,0,0,0,UP,1,1,0,,0,323191,0,,1,11,0,,1,,1,0,,1,,,,0,1,0,0,0,0,,,,,0,0,0,0,0,0,
healthkart_s98,prod-s98,0,0,0,0,,0,0,0,,0,,0,0,0,0,no check,1,1,0,,,,,,1,12,1,,0,,2,0,,0,,,,0,0,0,0,0,0,0,,,,0,0,,,,,
healthkart_s98,BACKEND,0,0,0,0,500,0,0,0,0,0,,0,0,0,0,UP,1,1,0,,0,323191,0,,1,12,0,,0,,1,0,,0,,,,0,0,0,0,0,0,,,,,0,0,0,0,0,0,
