# pxname,svname,qcur,qmax,scur,smax,slim,stot,bin,bout,dreq,dresp,ereq,econ,eresp,wretr,wredis,status,weight,act,bck,chkfail,chkdown,lastchg,downtime,qlimit,pid,iid,sid,throttle,lbtot,tracked,type,rate,rate_lim,rate_max,check_status,check_code,check_duration,hrsp_1xx,hrsp_2xx,hrsp_3xx,hrsp_4xx,hrsp_5xx,hrsp_other,hanafail,req_rate,req_rate_max,req_tot,cli_abrt,srv_abrt,comp_in,comp_out,comp_byp,comp_rsp,
http-in,FRONTEND,,,2123,5000,5000,8475609,21917681463,248546567732,0,0,1153506,,,,,OPEN,,,,,,,,,1,2,0,,,,0,80,0,441,,,,0,20995824,972465,1435668,8061,14035,,126,846,23426061,,,0,0,0,0,
https-in,FRONTEND,,,0,6,5000,1805,793704,3492557,0,0,495,,,,,OPEN,,,,,,,,,1,3,0,,,,0,0,0,18,,,,0,18,1282,498,1,6,,0,18,1805,,,0,0,0,0,
healthkart,vmn-265-P,0,0,2,148,,2427567,3304480918,33832136488,,0,,0,498,0,0,UP,1,1,0,14,3,189143,54,,1,4,1,,450266,,2,5,,42,L7OK,200,2,22,2249405,128194,48833,613,0,0,,,,1398,9,,,,,
healthkart,vmn-400-Q,0,0,0,120,,2480220,3367752011,35051242091,,0,,0,446,0,0,UP,1,1,0,12,3,189067,83,,1,4,2,,450178,,2,6,,42,L7OK,200,2,24,2285939,144647,48426,747,0,0,,,,1318,6,,,,,
healthkart,vmn-396-R,0,0,2,109,,2395274,3262425704,34060091868,,0,,0,409,0,0,UP,1,1,0,14,4,189061,75,,1,4,3,,450163,,2,9,,44,L7OK,200,650,27,2217836,129228,46918,874,0,0,,,,1273,2,,,,,
healthkart,vmn-339-S,0,0,1,131,,2425658,3335371013,33760501399,,0,,0,418,0,0,UP,1,1,0,16,4,189021,97,,1,4,4,,450171,,2,7,,44,L7OK,200,3,35,2246794,128554,48938,937,0,0,,,,1326,1,,,,,
healthkart,spkd-0215-T,0,0,0,0,,0,0,0,,0,,0,0,0,0,UP,0,1,0,6,1,54380,60,,1,4,5,,0,,2,0,,0,L7OK,200,1,0,0,0,0,0,0,0,,,,0,0,,,,,
healthkart,BACKEND,0,0,5,501,1000,9728721,13270029646,136703971846,0,0,,0,1771,0,0,UP,4,4,0,,0,527208,0,,1,4,0,,1800778,,1,30,,98,,,,0,8999973,530623,193115,4946,59,,,,,5315,18,0,0,0,0,
healthkart_resources,server-214,0,0,0,47,,640283,421211512,9703315587,,0,,0,1557,0,0,no check,1,1,0,,,,,,1,5,1,,640283,,2,1,,106,,,,0,613236,24058,1332,70,0,0,,,,2606,4,,,,,
healthkart_resources,BACKEND,0,0,0,48,500,640283,421211512,9703315587,0,0,,0,1557,0,0,UP,1,1,0,,0,527208,0,,1,5,0,,640283,,1,1,,106,,,,0,613236,24058,1332,1627,30,,,,,2606,4,0,0,0,0,
healthkart_pma,server-50,0,0,0,3,,188,817788,11581797,,0,,0,0,0,0,UP,1,1,0,0,0,527208,0,,1,6,1,,4,,2,0,,11,L4OK,,0,0,160,27,0,1,0,0,,,,3,0,,,,,
healthkart_pma,BACKEND,0,0,0,4,1000,188,817788,11581797,0,0,,0,0,0,0,UP,1,1,0,,0,527208,0,,1,6,0,,4,,1,0,,11,,,,0,160,27,0,1,0,,,,,3,0,0,0,0,0,
healthkart_stat_im,vmn-265-P,0,0,2,12,,2916665,2034981681,24346596950,,0,,0,0,0,0,no check,1,1,0,,,,,,1,7,1,,2916665,,2,21,,72,,,,0,2789969,104210,22472,0,0,0,,,,1686,1,,,,,
healthkart_stat_im,vmn-400-Q,0,0,0,14,,2916665,2034564562,24332828406,,0,,0,0,0,0,no check,1,1,0,,,,,,1,7,2,,2916665,,2,21,,72,,,,0,2790234,104220,22201,0,0,0,,,,1727,1,,,,,
healthkart_stat_im,vmn-396-R,0,0,0,11,,2916665,2034609076,24342790886,,0,,0,0,0,0,no check,1,1,0,,,,,,1,7,3,,2916665,,2,21,,72,,,,0,2790267,104116,22277,0,0,0,,,,1628,2,,,,,
healthkart_stat_im,vmn-339-S,0,0,0,11,,2916664,2034873290,24357109893,,0,,0,0,0,0,no check,1,1,0,,,,,,1,7,4,,2916664,,2,21,,72,,,,0,2789590,104775,22283,0,0,0,,,,1704,0,,,,,
healthkart_stat_im,BACKEND,0,0,2,38,500,11666659,8139028609,97379326135,0,0,,0,0,0,0,UP,4,4,0,,0,527208,0,,1,7,0,,11666659,,1,85,,288,,,,0,11160058,417321,89233,1,44,,,,,6745,4,0,0,0,0,
healthkart_s40,prod-s40,0,0,0,1054,,123747,57837850,3853438258,,0,,0,0,0,0,no check,1,1,0,,,,,,1,8,1,,46137,,2,0,,705,,,,0,122513,1,65,1168,0,0,,,,1,0,,,,,
healthkart_s40,BACKEND,0,0,0,1054,500,123747,57837850,3853438258,0,0,,0,0,0,0,UP,1,1,0,,0,527208,0,,1,8,0,,46137,,1,0,,705,,,,0,122513,1,65,1168,0,,,,,1,0,0,0,0,0,
healthkart_s154,prod-s154,0,0,0,1,,5,11743,156294,,0,,0,0,0,0,no check,1,1,0,,,,,,1,9,1,,1,,2,0,,2,,,,0,5,0,0,0,0,0,,,,0,0,,,,,
healthkart_s154,BACKEND,0,0,0,1,500,5,11743,156294,0,0,,0,0,0,0,UP,1,1,0,,0,527208,0,,1,9,0,,1,,1,0,,2,,,,0,5,0,0,0,0,,,,,0,0,0,0,0,0,
healthkart_s74,prod-s74,0,0,0,0,,0,0,0,,0,,0,0,0,0,no check,1,1,0,,,,,,1,10,1,,0,,2,0,,0,,,,0,0,0,0,0,0,0,,,,0,0,,,,,
healthkart_s74,BACKEND,0,0,0,0,500,0,0,0,0,0,,0,0,0,0,UP,1,1,0,,0,527208,0,,1,10,0,,0,,1,0,,0,,,,0,0,0,0,0,0,,,,,0,0,0,0,0,0,
healthkart_s78,prod-s78,0,0,0,1,,1,2327,31220,,0,,0,0,0,0,no check,1,1,0,,,,,,1,11,1,,1,,2,0,,1,,,,0,1,0,0,0,0,0,,,,0,0,,,,,
healthkart_s78,BACKEND,0,0,0,1,500,1,2327,31220,0,0,,0,0,0,0,UP,1,1,0,,0,527208,0,,1,11,0,,1,,1,0,,1,,,,0,1,0,0,0,0,,,,,0,0,0,0,0,0,
healthkart_s98,prod-s98,0,0,0,0,,0,0,0,,0,,0,0,0,0,no check,1,1,0,,,,,,1,12,1,,0,,2,0,,0,,,,0,0,0,0,0,0,0,,,,0,0,,,,,
healthkart_s98,BACKEND,0,0,0,0,500,0,0,0,0,0,,0,0,0,0,UP,1,1,0,,0,527208,0,,1,12,0,,0,,1,0,,0,,,,0,0,0,0,0,0,,,,,0,0,0,0,0,0,
